2022-11-30 09:55:00 0 1 57.208 66.529 97.994 60.388 0 2 58.319 62.040 59.845 21.181 0 3 2.502 80.985 30.410 58.609 0036 ? ? ? ? ? ? ? ? ? ? ? ?
2022-11-30 09:56:00 0 1 95.174 89.770 57.275 86.758 0 2 90.687 56.037 83.808 57.102 0 3 22.224 38.198 96.999 8.800 0053 ? ? ? ? ? ? ? ? ? ? ? ?
2022-11-30 09:57:00 0 1 34.154 59.432 79.457 5.394 0 2 11.465 69.430 68.249 22.307 0 3 43.780 12.778 19.553 64.159 0061 ? ? ? ? ? ? ? ? ? ? ? ?
2022-11-30 09:58:00 0 1 82.747 73.067 98.596 24.813 0 2 14.370 60.732 78.201 10.201 0 3 73.285 97.910 18.867 5.641 0084 ? ? ? ? ? ? ? ? ? ? ? ?
2022-11-30 09:59:00 0 1 75.782 55.508 20.464 32.161 0 2 1.133 59.804 66.507 2.772 0 3 35.983 17.544 72.390 99.949 0063 ? ? ? ? ? ? ? ? ? ? ? ?
2022-11-30 10:00:00 0 1 52.752 78.303 73.990 15.849 0 2 25.800 95.349 30.236 12.553 0 3 1.148 32.163 19.047 79.475 0045 0 2 41.649 20.118 29.809 10.460 0 2 23.497 21.810 60.483 62.936
2022-11-30 10:01:00 0 1 91.855 38.837 77.841 27.445 0 2 22.694 77.747 43.949 83.529 0 3 4.126 70.316 42.027 26.359 0069 0 2 41.649 20.118 29.809 10.460 0 2 23.497 21.810 60.483 62.936
2022-11-30 10:02:00 0 1 88.689 44.682 66.704 72.431 0 2 57.380 6.909 59.141 29.833 0 3 93.671 8.830 75.225 42.215 0061 0 2 41.649 20.118 29.809 10.460 0 2 23.497 21.810 60.483 62.936
2022-11-30 10:03:00 0 1 78.194 6.850 39.579 68.380 0 2 88.790 57.428 58.893 46.321 0 3 21.022 72.364 22.818 82.312 0013 0 2 41.649 20.118 29.809 10.460 0 2 23.497 21.810 60.483 62.936
2022-11-30 10:04:00 0 1 46.047 79.036 37.998 6.329 0 2 78.348 49.622 62.473 48.940 0 3 56.571 31.210 49.666 24.711 0013 0 2 41.649 20.118 29.809 10.460 0 2 23.497 21.810 60.483 62.936
2022-11-30 10:05:00 0 1 45.281 13.921 67.989 41.697 0 2 50.810 28.270 95.535 55.701 0 3 11.236 76.967 15.983 43.770 0073 0 2 41.649 20.118 29.809 10.460 0 2 23.497 21.810 60.483 62.936
2022-11-30 10:06:00 0 1 79.869 87.090 23.508 82.339 0 2 89.932 98.333 26.358 78.652 0 3 74.732 35.590 76.199 72.234 0086 0 2 41.649 20.118 29.809 10.460 0 2 23.497 21.810 60.483 62.936
2022-11-30 10:07:00 0 1 19.220 23.253 77.567 36.892 0 2 10.016 72.739 10.945 36.226 0 3 57.702 2.686 68.264 37.601 0069 0 2 41.649 20.118 29.809 10.460 0 2 23.497 21.810 60.483 62.936
2022-11-30 10:08:00 0 1 0.869 39.427 85.469 73.207 0 2 28.878 8.754 52.387 2.784 0 3 71.355 48.014 92.203 89.420 0098 0 2 41.649 20.118 29.809 10.460 0 2 23.497 21.810 60.483 62.936
2022-11-30 10:09:00 0 1 0.223 2.856 91.374 48.601 0 2 47.898 9.608 37.256 17.385 0 3 7.691 67.740 21.584 24.910 0061 0 2 41.649 20.118 29.809 10.460 0 2 23.497 21.810 60.483 62.936
2022-11-30 10:10:00 0 1 87.291 92.100 32.542 38.675 0 2 65.260 31.304 61.491 63.297 0 3 80.795 54.321 24.524 54.910 0067 0 2 76.847 66.420 71.572 36.359 0 2 89.890 2.935 81.303 25.214
2022-11-30 10:11:00 0 1 58.793 93.813 59.994 75.677 0 2 40.869 31.998 57.876 77.772 0 3 26.692 15.550 98.998 90.088 0040 0 2 76.847 66.420 71.572 36.359 0 2 89.890 2.935 81.303 25.214
2022-11-30 10:12:00 0 1 94.176 47.179 63.192 69.385 0 2 73.875 67.488 11.293 2.276 0 3 24.279 74.780 3.802 98.723 0001 0 2 76.847 66.420 71.572 36.359 0 2 89.890 2.935 81.303 25.214
2022-11-30 10:13:00 0 1 87.201 98.646 72.490 33.452 0 2 86.832 92.485 11.267 8.678 0 3 47.586 82.883 77.034 65.056 0044 0 2 76.847 66.420 71.572 36.359 0 2 89.890 2.935 81.303 25.214
2022-11-30 10:14:00 0 1 76.828 52.298 57.461 42.762 0 2 75.008 55.208 45.493 48.285 0 3 26.545 94.989 80.334 88.745 0087 0 2 76.847 66.420 71.572 36.359 0 2 89.890 2.935 81.303 25.214
2022-11-30 10:15:00 0 1 66.431 75.155 38.360 22.185 0 2 75.441 36.640 92.423 22.379 0 3 66.776 57.866 42.107 59.448 0038 0 2 76.847 66.420 71.572 36.359 0 2 89.890 2.935 81.303 25.214
2022-11-30 10:16:00 0 1 51.950 84.769 22.748 0.017 0 2 39.466 92.116 72.718 19.730 0 3 18.079 86.048 24.524 64.888 0085 0 2 76.847 66.420 71.572 36.359 0 2 89.890 2.935 81.303 25.214
2022-11-30 10:17:00 0 1 23.053 70.219 79.585 1.616 0 2 85.818 41.342 30.150 33.628 0 3 81.721 48.357 12.196 14.147 0003 0 2 76.847 66.420 71.572 36.359 0 2 89.890 2.935 81.303 25.214
2022-11-30 10:18:00 0 1 49.244 50.117 81.246 25.030 0 2 94.135 20.014 11.125 16.549 0 3 73.128 31.084 28.265 52.851 0098 0 2 76.847 66.420 71.572 36.359 0 2 89.890 2.935 81.303 25.214
2022-11-30 10:19:00 0 1 81.610 48.442 12.599 1.952 0 2 34.635 88.532 43.339 56.047 0 3 80.027 95.197 13.196 90.846 0024 0 2 76.847 66.420 71.572 36.359 0 2 89.890 2.935 81.303 25.214
2022-11-30 10:20:00 0 1 64.040 48.565 51.428 4.031 0 2 19.765 31.883 43.104 3.674 0 3 83.012 92.355 37.585 56.879 0014 0 2 9.865 11.254 72.077 79.488 0 2 12.573 41.137 75.513 95.321
2022-11-30 10:21:00 0 1 19.409 2.711 65.573 29.008 0 2 30.592 43.856 91.557 31.361 0 3 18.501 30.523 68.091 64.604 0067 0 2 9.865 11.254 72.077 79.488 0 2 12.573 41.137 75.513 95.321
2022-11-30 10:22:00 0 1 90.882 22.297 22.819 17.624 0 2 15.618 21.619 23.736 51.213 0 3 39.689 99.248 2.915 21.145 0020 0 2 9.865 11.254 72.077 79.488 0 2 12.573 41.137 75.513 95.321
2022-11-30 10:23:00 0 1 27.946 5.600 82.997 83.053 0 2 39.701 36.342 67.434 78.759 0 3 18.208 43.526 23.976 58.248 0076 0 2 9.865 11.254 72.077 79.488 0 2 12.573 41.137 75.513 95.321
2022-11-30 10:24:00 0 1 69.872 26.015 1.914 67.224 0 2 92.769 32.388 89.531 15.927 0 3 70.739 60.103 6.843 44.373 0019 0 2 9.865 11.254 72.077 79.488 0 2 12.573 41.137 75.513 95.321
2022-11-30 10:25:00 0 1 14.332 79.073 54.600 61.359 0 2 92.508 59.363 37.933 2.082 0 3 93.990 41.988 11.403 61.982 0070 0 2 9.865 11.254 72.077 79.488 0 2 12.573 41.137 75.513 95.321
2022-11-30 10:26:00 0 1 35.312 24.578 62.039 97.744 0 2 8.315 35.867 65.178 85.526 0 3 95.956 74.414 61.986 26.990 0097 0 2 9.865 11.254 72.077 79.488 0 2 12.573 41.137 75.513 95.321
2022-11-30 10:27:00 0 1 43.952 32.138 94.724 81.450 0 2 92.184 66.401 17.578 83.543 0 3 89.167 38.091 5.292 18.594 0050 0 2 9.865 11.254 72.077 79.488 0 2 12.573 41.137 75.513 95.321
2022-11-30 10:28:00 0 1 85.567 87.297 85.768 61.578 0 2 20.919 85.494 60.829 34.104 0 3 20.543 12.014 81.358 46.773 0015 0 2 9.865 11.254 72.077 79.488 0 2 12.573 41.137 75.513 95.321
2022-11-30 10:29:00 0 1 66.479 28.203 74.861 16.555 0 2 26.196 60.319 94.254 85.510 0 3 64.197 90.232 33.644 67.803 0021 0 2 9.865 11.254 72.077 79.488 0 2 12.573 41.137 75.513 95.321
2022-11-30 10:30:00 0 1 92.864 86.571 85.135 0.881 0 2 44.815 72.066 78.152 52.508 0 3 7.550 99.191 90.567 93.526 0093 0 2 3.167 93.785 15.127 18.233 0 2 22.370 68.320 91.013 70.068
2022-11-30 10:31:00 0 1 61.813 88.499 17.421 57.465 0 2 87.679 20.962 84.817 35.378 0 3 39.885 32.561 27.935 52.433 0054 0 2 3.167 93.785 15.127 18.233 0 2 22.370 68.320 91.013 70.068
2022-11-30 10:32:00 0 1 88.978 15.900 85.052 4.502 0 2 12.047 9.096 0.906 0.387 0 3 45.150 13.129 6.785 7.402 0049 0 2 3.167 93.785 15.127 18.233 0 2 22.370 68.320 91.013 70.068
2022-11-30 10:33:00 0 1 78.011 49.016 17.013 31.220 0 2 36.329 20.485 79.140 22.837 0 3 21.146 43.503 67.881 6.012 0049 0 2 3.167 93.785 15.127 18.233 0 2 22.370 68.320 91.013 70.068
2022-11-30 10:34:00 0 1 22.860 97.424 2.099 49.393 0 2 79.506 39.126 37.477 86.427 0 3 30.277 5.546 11.039 38.449 0023 0 2 3.167 93.785 15.127 18.233 0 2 22.370 68.320 91.013 70.068
2022-11-30 10:35:00 0 1 4.763 17.903 42.949 62.888 0 2 88.808 71.591 49.246 56.866 0 3 30.677 3.103 73.607 34.937 0042 0 2 3.167 93.785 15.127 18.233 0 2 22.370 68.320 91.013 70.068
2022-11-30 10:36:00 0 1 54.192 47.957 44.163 38.618 0 2 25.441 82.713 80.393 22.028 0 3 93.115 14.499 63.188 12.887 0003 0 2 3.167 93.785 15.127 18.233 0 2 22.370 68.320 91.013 70.068
2022-11-30 10:37:00 0 1 92.249 67.981 37.274 48.138 0 2 75.497 53.809 18.829 81.253 0 3 36.821 26.888 5.363 64.749 0015 0 2 3.167 93.785 15.127 18.233 0 2 22.370 68.320 91.013 70.068
2022-11-30 10:38:00 0 1 56.740 19.490 67.433 91.181 0 2 40.415 67.366 45.643 61.256 0 3 48.491 67.217 94.145 94.362 0064 0 2 3.167 93.785 15.127 18.233 0 2 22.370 68.320 91.013 70.068
2022-11-30 10:39:00 0 1 84.998 77.676 3.553 93.796 0 2 28.020 69.792 48.650 51.884 0 3 32.372 69.588 38.912 66.824 0052 0 2 3.167 93.785 15.127 18.233 0 2 22.370 68.320 91.013 70.068
2022-11-30 10:40:00 0 1 83.797 42.331 55.607 10.036 0 2 2.746 43.441 80.164 15.561 0 3 48.179 77.445 38.554 45.217 0038 0 2 65.049 75.490 57.720 53.840 0 2 76.147 16.568 19.279 62.512
2022-11-30 10:41:00 0 1 71.035 5.720 28.496 90.028 0 2 8.980 33.822 84.125 46.442 0 3 85.647 81.626 2.834 77.565 0029 0 2 65.049 75.490 57.720 53.840 0 2 76.147 16.568 19.279 62.512
2022-11-30 10:42:00 0 1 33.831 32.724 65.694 99.407 0 2 61.536 2.433 88.887 70.009 0 3 12.570 16.177 15.844 20.809 0057 0 2 65.049 75.490 57.720 53.840 0 2 76.147 16.568 19.279 62.512
2022-11-30 10:43:00 0 1 6.453 6.337 2.046 71.506 0 2 72.934 34.420 78.642 82.411 0 3 85.023 85.955 16.825 12.442 0074 0 2 65.049 75.490 57.720 53.840 0 2 76.147 16.568 19.279 62.512
2022-11-30 10:44:00 0 1 8.565 26.454 32.496 60.615 0 2 32.969 77.813 9.763 94.564 0 3 9.036 80.865 35.555 34.020 0017 0 2 65.049 75.490 57.720 53.840 0 2 76.147 16.568 19.279 62.512
2022-11-30 10:45:00 0 1 2.659 11.709 51.223 5.989 0 2 44.158 89.744 8.956 74.979 0 3 18.329 30.922 55.684 61.098 0014 0 2 65.049 75.490 57.720 53.840 0 2 76.147 16.568 19.279 62.512
2022-11-30 10:46:00 0 1 19.421 48.352 92.881 16.302 0 2 3.887 80.598 47.629 61.948 0 3 76.093 78.082 50.016 75.234 0066 0 2 65.049 75.490 57.720 53.840 0 2 76.147 16.568 19.279 62.512
2022-11-30 10:47:00 0 1 83.417 55.768 5.076 8.551 0 2 27.548 91.671 95.962 92.935 0 3 35.488 17.281 82.353 92.456 0029 0 2 65.049 75.490 57.720 53.840 0 2 76.147 16.568 19.279 62.512
2022-11-30 10:48:01 0 1 17.839 1.228 88.022 30.863 0 2 88.234 53.855 46.515 1.334 0 3 0.296 93.638 0.056 27.167 0087 0 2 65.049 75.490 57.720 53.840 0 2 76.147 16.568 19.279 62.512
2022-11-30 10:49:00 0 1 28.948 11.531 98.822 97.689 0 2 83.311 35.854 62.059 67.129 0 3 81.884 9.019 31.897 42.387 0028 0 2 65.049 75.490 57.720 53.840 0 2 76.147 16.568 19.279 62.512
2022-11-30 10:50:00 0 1 20.438 8.254 31.407 76.894 0 2 86.006 28.467 65.461 54.689 0 3 21.764 42.129 91.422 2.154 0047 0 2 47.696 76.208 68.537 61.175 0 2 84.608 30.206 62.758 15.942
2022-11-30 10:51:00 0 1 86.337 29.592 77.265 77.181 0 2 63.656 5.236 60.033 2.915 0 3 4.701 30.952 35.360 9.361 0087 0 2 47.696 76.208 68.537 61.175 0 2 84.608 30.206 62.758 15.942
2022-11-30 10:52:00 0 1 26.064 26.413 35.371 13.799 0 2 12.507 65.956 57.732 89.784 0 3 35.944 77.088 35.212 14.782 0027 0 2 47.696 76.208 68.537 61.175 0 2 84.608 30.206 62.758 15.942
2022-11-30 10:53:00 0 1 39.143 14.171 26.001 43.536 0 2 71.187 15.131 29.529 97.594 0 3 32.875 79.405 12.543 5.063 0062 0 2 47.696 76.208 68.537 61.175 0 2 84.608 30.206 62.758 15.942
2022-11-30 10:54:00 0 1 33.949 10.989 25.540 44.765 0 2 83.170 78.005 40.430 33.275 0 3 63.489 63.754 18.033 42.900 0050 0 2 47.696 76.208 68.537 61.175 0 2 84.608 30.206 62.758 15.942
2022-11-30 10:55:00 0 1 25.177 51.352 70.781 53.979 0 2 79.905 74.077 68.679 66.627 0 3 70.279 56.141 56.227 29.919 0013 0 2 47.696 76.208 68.537 61.175 0 2 84.608 30.206 62.758 15.942
2022-11-30 10:56:00 0 1 18.115 44.121 93.414 35.333 0 2 98.927 29.802 4.470 36.088 0 3 78.501 93.502 33.067 93.570 0092 0 2 47.696 76.208 68.537 61.175 0 2 84.608 30.206 62.758 15.942
2022-11-30 10:57:00 0 1 62.040 84.382 48.517 0.795 0 2 45.034 33.450 45.078 34.004 0 3 39.321 60.186 26.387 47.879 0057 0 2 47.696 76.208 68.537 61.175 0 2 84.608 30.206 62.758 15.942
2022-11-30 10:58:00 0 1 36.135 12.856 4.624 10.763 0 2 9.916 47.200 73.102 7.545 0 3 60.686 73.288 6.236 31.054 0094 0 2 47.696 76.208 68.537 61.175 0 2 84.608 30.206 62.758 15.942
2022-11-30 10:59:00 0 1 60.017 37.891 47.698 42.582 0 2 19.579 30.443 54.421 62.469 0 3 42.121 3.101 63.550 91.859 0075 0 2 47.696 76.208 68.537 61.175 0 2 84.608 30.206 62.758 15.942
2022-11-30 11:00:00 0 1 76.129 35.170 27.369 12.836 0 2 76.458 30.089 72.617 47.708 0 3 9.374 43.094 6.675 21.079 0095 0 2 82.350 35.982 44.837 54.191 0 2 94.424 2.615 23.317 49.261
2022-11-30 11:01:00 0 1 89.756 79.950 22.942 10.940 0 2 31.197 27.553 83.546 83.118 0 3 79.686 8.075 93.619 93.421 0070 0 2 82.350 35.982 44.837 54.191 0 2 94.424 2.615 23.317 49.261
2022-11-30 11:02:00 0 1 16.042 65.493 64.127 87.995 0 2 97.917 66.862 10.348 89.150 0 3 3.352 69.715 58.060 82.794 0064 0 2 82.350 35.982 44.837 54.191 0 2 94.424 2.615 23.317 49.261
2022-11-30 11:03:00 0 1 70.315 65.946 32.677 76.359 0 2 16.435 17.568 75.463 53.059 0 3 19.515 38.171 54.541 24.978 0057 0 2 82.350 35.982 44.837 54.191 0 2 94.424 2.615 23.317 49.261
2022-11-30 11:04:00 0 1 18.970 53.090 66.256 89.714 0 2 1.623 13.650 40.261 72.321 0 3 55.749 46.772 31.884 64.053 0038 0 2 82.350 35.982 44.837 54.191 0 2 94.424 2.615 23.317 49.261
2022-11-30 11:05:00 0 1 86.367 96.187 12.755 23.514 0 2 29.788 26.675 25.411 43.059 0 3 17.982 52.912 12.023 77.966 0069 0 2 82.350 35.982 44.837 54.191 0 2 94.424 2.615 23.317 49.261
2022-11-30 11:06:00 0 1 89.269 77.981 78.038 92.984 0 2 90.104 41.985 41.225 75.148 0 3 88.975 83.451 88.917 71.287 0006 0 2 82.350 35.982 44.837 54.191 0 2 94.424 2.615 23.317 49.261
2022-11-30 11:07:00 0 1 40.453 71.622 89.947 88.323 0 2 54.756 13.496 30.405 28.349 0 3 10.374 41.353 98.741 80.595 0000 0 2 82.350 35.982 44.837 54.191 0 2 94.424 2.615 23.317 49.261
2022-11-30 11:08:00 0 1 42.387 13.820 72.704 15.672 0 2 49.591 36.146 31.685 20.013 0 3 47.906 73.213 87.802 76.870 0003 0 2 82.350 35.982 44.837 54.191 0 2 94.424 2.615 23.317 49.261
2022-11-30 11:09:00 0 1 2.378 58.952 63.952 75.786 0 2 29.277 63.477 70.159 42.189 0 3 7.519 48.903 38.815 50.588 0059 0 2 82.350 35.982 44.837 54.191 0 2 94.424 2.615 23.317 49.261
2022-11-30 11:10:00 0 1 11.804 10.232 99.061 14.799 0 2 21.955 46.934 23.048 12.732 0 3 27.439 46.953 70.417 37.005 0025 0 2 5.131 31.706 42.026 1.105 0 2 43.164 63.234 56.082 13.259
2022-11-30 11:11:00 0 1 7.782 70.425 49.628 83.333 0 2 15.701 88.224 96.355 18.276 0 3 8.473 21.880 61.255 28.434 0086 0 2 5.131 31.706 42.026 1.105 0 2 43.164 63.234 56.082 13.259
2022-11-30 11:12:00 0 1 99.456 75.502 53.135 6.876 0 2 57.319 74.760 71.254 4.798 0 3 4.583 58.543 26.336 96.558 0093 0 2 5.131 31.706 42.026 1.105 0 2 43.164 63.234 56.082 13.259
2022-11-30 11:13:00 0 1 91.626 77.573 68.120 39.255 0 2 31.535 9.408 31.268 36.806 0 3 66.179 35.867 59.448 90.685 0041 0 2 5.131 31.706 42.026 1.105 0 2 43.164 63.234 56.082 13.259
2022-11-30 11:14:00 0 1 50.450 25.641 37.426 15.392 0 2 67.510 9.720 7.681 95.142 0 3 0.179 70.599 92.954 38.632 0096 0 2 5.131 31.706 42.026 1.105 0 2 43.164 63.234 56.082 13.259
2022-11-30 11:15:00 0 1 3.840 88.707 51.706 50.137 0 2 64.414 78.260 64.758 49.646 0 3 61.003 79.542 75.010 93.202 0050 0 2 5.131 31.706 42.026 1.105 0 2 43.164 63.234 56.082 13.259
2022-11-30 11:16:00 0 1 59.653 64.556 0.498 39.323 0 2 24.289 22.083 92.434 55.529 0 3 22.030 77.246 76.323 11.217 0031 0 2 5.131 31.706 42.026 1.105 0 2 43.164 63.234 56.082 13.259
2022-11-30 11:17:00 0 1 8.488 10.387 42.300 52.147 0 2 41.184 60.521 86.195 25.686 0 3 71.798 69.425 58.561 85.857 0062 0 2 5.131 31.706 42.026 1.105 0 2 43.164 63.234 56.082 13.259
2022-11-30 11:18:00 0 1 1.378 91.208 13.262 6.727 0 2 95.102 23.379 34.778 3.644 0 3 3.739 97.392 7.887 40.530 0084 0 2 5.131 31.706 42.026 1.105 0 2 43.164 63.234 56.082 13.259
2022-11-30 11:19:00 0 1 5.206 24.722 54.864 87.809 0 2 93.687 84.379 37.573 91.047 0 3 98.080 52.140 14.751 47.538 0056 0 2 5.131 31.706 42.026 1.105 0 2 43.164 63.234 56.082 13.259
2022-11-30 11:20:00 0 1 34.770 95.286 78.618 98.786 0 2 35.558 6.144 87.833 94.536 0 3 10.732 98.852 60.272 63.760 0085 0 2 94.803 85.026 36.261 83.484 0 2 21.124 48.841 52.178 77.800
2022-11-30 11:21:00 0 1 90.096 21.695 75.585 11.776 0 2 15.040 37.238 4.271 44.510 0 3 33.749 81.974 78.496 89.957 0061 0 2 94.803 85.026 36.261 83.484 0 2 21.124 48.841 52.178 77.800
2022-11-30 11:22:00 0 1 7.298 46.248 8.206 47.750 0 2 73.828 90.021 67.439 54.806 0 3 75.691 73.609 50.455 68.157 0054 0 2 94.803 85.026 36.261 83.484 0 2 21.124 48.841 52.178 77.800
2022-11-30 11:23:00 0 1 58.815 1.274 27.383 55.062 0 2 56.845 25.948 40.315 74.809 0 3 26.511 14.306 9.297 76.040 0086 0 2 94.803 85.026 36.261 83.484 0 2 21.124 48.841 52.178 77.800
2022-11-30 11:24:00 0 1 9.060 55.444 96.917 44.819 0 2 53.438 42.468 62.038 98.263 0 3 19.927 66.541 63.012 4.112 0033 0 2 94.803 85.026 36.261 83.484 0 2 21.124 48.841 52.178 77.800
2022-11-30 11:25:00 0 1 55.926 67.512 44.459 42.262 0 2 84.701 71.068 37.136 42.185 0 3 86.400 28.932 66.291 25.326 0076 0 2 94.803 85.026 36.261 83.484 0 2 21.124 48.841 52.178 77.800
2022-11-30 11:26:00 0 1 60.410 94.838 3.239 88.045 0 2 33.540 40.971 41.973 35.991 0 3 54.615 10.944 65.918 99.587 0060 0 2 94.803 85.026 36.261 83.484 0 2 21.124 48.841 52.178 77.800
2022-11-30 11:27:00 0 1 55.791 39.697 38.618 31.157 0 2 82.998 67.399 1.949 18.363 0 3 26.758 28.239 13.303 14.937 0073 0 2 94.803 85.026 36.261 83.484 0 2 21.124 48.841 52.178 77.800
2022-11-30 11:28:00 0 1 31.057 15.284 40.453 63.530 0 2 79.442 96.686 52.517 98.453 0 3 34.704 47.679 16.889 12.740 0080 0 2 94.803 85.026 36.261 83.484 0 2 21.124 48.841 52.178 77.800
2022-11-30 11:29:00 0 1 18.821 85.695 73.926 66.441 0 2 69.974 25.067 52.446 6.520 0 3 91.497 2.425 79.469 95.608 0093 0 2 94.803 85.026 36.261 83.484 0 2 21.124 48.841 52.178 77.800
2022-11-30 11:30:01 0 1 91.817 20.858 34.000 51.510 0 2 92.056 18.645 90.127 56.634 0 3 96.230 44.130 84.691 72.882 0002 0 2 83.345 36.920 28.646 69.031 0 2 40.616 12.686 49.579 29.009
2022-11-30 11:31:00 0 1 94.372 47.852 1.270 66.445 0 2 64.620 58.760 10.663 73.455 0 3 17.417 26.056 74.125 98.129 0012 0 2 83.345 36.920 28.646 69.031 0 2 40.616 12.686 49.579 29.009
2022-11-30 11:32:00 0 1 3.578 78.415 10.028 89.512 0 2 82.875 34.042 95.022 69.662 0 3 49.943 81.870 30.151 35.799 0010 0 2 83.345 36.920 28.646 69.031 0 2 40.616 12.686 49.579 29.009
2022-11-30 11:33:00 0 1 27.462 28.689 91.372 69.181 0 2 6.630 52.339 30.272 80.598 0 3 21.388 52.564 19.142 81.448 0054 0 2 83.345 36.920 28.646 69.031 0 2 40.616 12.686 49.579 29.009
2022-11-30 11:34:00 0 1 90.722 25.964 11.356 79.220 0 2 11.145 55.369 10.431 97.113 0 3 27.257 39.525 2.494 29.280 0046 0 2 83.345 36.920 28.646 69.031 0 2 40.616 12.686 49.579 29.009
2022-11-30 11:35:00 0 1 79.138 63.033 75.509 57.863 0 2 43.752 10.680 32.355 5.300 0 3 6.608 7.564 98.396 35.035 0022 0 2 83.345 36.920 28.646 69.031 0 2 40.616 12.686 49.579 29.009
2022-11-30 11:36:00 0 1 27.899 73.229 34.382 38.168 0 2 42.266 58.755 82.047 33.283 0 3 53.740 67.336 2.830 88.585 0092 0 2 83.345 36.920 28.646 69.031 0 2 40.616 12.686 49.579 29.009
2022-11-30 11:37:00 0 1 42.520 7.479 19.862 9.540 0 2 96.134 98.621 34.675 80.240 0 3 71.450 87.724 34.325 27.419 0085 0 2 83.345 36.920 28.646 69.031 0 2 40.616 12.686 49.579 29.009
2022-11-30 11:38:00 0 1 21.044 7.646 81.672 7.399 0 2 49.193 56.089 20.459 68.377 0 3 9.227 80.309 70.020 42.113 0008 0 2 83.345 36.920 28.646 69.031 0 2 40.616 12.686 49.579 29.009
2022-11-30 11:39:00 0 1 11.490 46.661 59.159 87.174 0 2 33.964 29.800 5.586 87.787 0 3 59.358 75.639 18.157 90.009 0013 0 2 83.345 36.920 28.646 69.031 0 2 40.616 12.686 49.579 29.009
2022-11-30 11:40:01 0 1 21.211 6.573 47.019 78.652 0 2 6.614 59.343 9.828 18.911 0 3 50.351 48.530 81.053 8.657 0005 0 2 7.788 77.184 10.941 23.466 0 2 83.412 56.268 3.923 37.121
2022-11-30 11:41:00 0 1 57.045 32.419 56.802 3.765 0 2 41.777 94.715 37.619 90.410 0 3 10.915 73.815 91.847 60.585 0035 0 2 7.788 77.184 10.941 23.466 0 2 83.412 56.268 3.923 37.121
2022-11-30 11:42:00 0 1 79.572 67.661 24.631 99.218 0 2 26.588 65.883 86.747 34.794 0 3 70.426 91.996 86.565 68.616 0097 0 2 7.788 77.184 10.941 23.466 0 2 83.412 56.268 3.923 37.121
2022-11-30 11:43:00 0 1 49.749 47.218 67.894 91.316 0 2 34.452 68.707 88.735 10.115 0 3 32.786 59.846 5.557 91.327 0054 0 2 7.788 77.184 10.941 23.466 0 2 83.412 56.268 3.923 37.121
2022-11-30 11:44:00 0 1 22.958 30.743 48.738 54.235 0 2 39.208 32.918 32.989 67.966 0 3 77.238 29.775 40.732 46.950 0059 0 2 7.788 77.184 10.941 23.466 0 2 83.412 56.268 3.923 37.121
2022-11-30 11:45:00 0 1 57.888 22.187 40.243 64.613 0 2 55.367 33.857 45.490 36.695 0 3 82.599 98.568 29.354 94.669 0066 0 2 7.788 77.184 10.941 23.466 0 2 83.412 56.268 3.923 37.121
2022-11-30 11:46:00 0 1 72.210 44.454 12.376 3.102 0 2 78.412 2.398 33.268 17.639 0 3 16.573 91.614 97.882 61.564 0096 0 2 7.788 77.184 10.941 23.466 0 2 83.412 56.268 3.923 37.121
2022-11-30 11:47:00 0 1 78.421 13.742 10.372 23.359 0 2 48.787 80.461 24.190 36.727 0 3 82.300 49.700 4.391 6.343 0032 0 2 7.788 77.184 10.941 23.466 0 2 83.412 56.268 3.923 37.121
2022-11-30 11:48:00 0 1 94.540 5.290 83.071 44.388 0 2 53.213 22.914 84.930 98.944 0 3 64.809 8.801 87.820 25.826 0044 0 2 7.788 77.184 10.941 23.466 0 2 83.412 56.268 3.923 37.121
2022-11-30 11:49:00 0 1 60.922 99.269 46.827 96.587 0 2 74.538 46.721 14.336 87.339 0 3 43.215 76.757 86.752 35.659 0067 0 2 7.788 77.184 10.941 23.466 0 2 83.412 56.268 3.923 37.121
2022-11-30 11:50:01 0 1 92.172 41.706 35.130 47.215 0 2 29.839 36.626 58.563 78.267 0 3 37.222 92.849 70.548 73.285 0093 0 2 49.667 30.070 16.747 36.992 0 2 74.187 8.069 69.846 27.883
2022-11-30 11:51:00 0 1 64.384 61.685 46.444 71.632 0 2 86.281 15.427 27.745 10.846 0 3 45.192 18.999 98.652 62.081 0080 0 2 49.667 30.070 16.747 36.992 0 2 74.187 8.069 69.846 27.883
2022-11-30 11:52:00 0 1 20.809 83.402 23.753 94.817 0 2 71.808 62.124 74.619 20.538 0 3 34.523 51.966 50.590 65.315 0015 0 2 49.667 30.070 16.747 36.992 0 2 74.187 8.069 69.846 27.883
2022-11-30 11:53:00 0 1 37.719 49.787 95.985 36.004 0 2 59.507 41.161 55.852 48.754 0 3 74.727 90.551 16.365 32.407 0034 0 2 49.667 30.070 16.747 36.992 0 2 74.187 8.069 69.846 27.883
2022-11-30 11:54:00 0 1 63.352 75.403 47.763 97.982 0 2 35.397 96.114 95.214 17.326 0 3 71.030 5.143 89.028 92.236 0089 0 2 49.667 30.070 16.747 36.992 0 2 74.187 8.069 69.846 27.883
2022-11-30 11:55:00 0 1 95.783 99.956 7.803 56.613 0 2 21.900 15.788 37.455 45.644 0 3 9.622 88.198 77.593 63.258 0079 0 2 49.667 30.070 16.747 36.992 0 2 74.187 8.069 69.846 27.883
2022-11-30 11:56:00 0 1 18.315 41.595 54.292 16.172 0 2 47.232 35.271 21.171 94.333 0 3 29.752 31.935 82.890 4.504 0085 0 2 49.667 30.070 16.747 36.992 0 2 74.187 8.069 69.846 27.883
2022-11-30 11:57:00 0 1 49.139 86.180 26.457 12.843 0 2 90.143 68.988 48.710 89.287 0 3 75.695 45.340 64.374 56.717 0020 0 2 49.667 30.070 16.747 36.992 0 2 74.187 8.069 69.846 27.883
2022-11-30 11:58:00 0 1 18.155 48.422 84.052 62.072 0 2 6.447 97.894 74.082 57.848 0 3 54.920 93.401 74.623 33.034 0048 0 2 49.667 30.070 16.747 36.992 0 2 74.187 8.069 69.846 27.883
2022-11-30 11:59:00 0 1 14.029 76.970 30.847 92.305 0 2 25.173 22.087 71.399 86.163 0 3 56.820 30.987 86.930 78.518 0061 0 2 49.667 30.070 16.747 36.992 0 2 74.187 8.069 69.846 27.883
2022-11-30 12:00:01 0 1 25.055 24.160 31.300 65.513 0 2 59.107 35.000 12.994 0.565 0 3 60.941 59.712 3.557 37.217 0026 0 2 65.825 10.535 46.154 28.103 0 2 95.440 24.069 56.063 59.640
2022-11-30 12:01:00 0 1 94.712 15.856 34.417 63.650 0 2 10.111 70.913 15.609 87.934 0 3 51.400 12.057 56.990 38.038 0026 0 2 65.825 10.535 46.154 28.103 0 2 95.440 24.069 56.063 59.640
2022-11-30 12:02:00 0 1 38.055 41.893 98.080 42.653 0 2 81.147 20.078 40.519 70.920 0 3 92.923 84.021 41.993 53.760 0028 0 2 65.825 10.535 46.154 28.103 0 2 95.440 24.069 56.063 59.640
2022-11-30 12:03:00 0 1 18.359 13.064 55.538 87.821 0 2 49.385 24.424 20.254 84.891 0 3 61.493 45.362 41.295 77.111 0096 0 2 65.825 10.535 46.154 28.103 0 2 95.440 24.069 56.063 59.640
2022-11-30 12:04:00 0 1 52.717 75.243 0.356 60.059 0 2 23.441 70.311 39.135 95.759 0 3 55.909 82.860 54.788 31.335 0001 0 2 65.825 10.535 46.154 28.103 0 2 95.440 24.069 56.063 59.640
2022-11-30 12:05:00 0 1 59.602 23.048 7.330 30.380 0 2 68.776 36.121 98.033 29.872 0 3 5.277 65.023 73.760 47.353 0036 0 2 65.825 10.535 46.154 28.103 0 2 95.440 24.069 56.063 59.640
2022-11-30 12:06:00 0 1 97.810 71.254 17.270 73.222 0 2 10.441 55.259 23.610 91.167 0 3 91.615 77.244 67.165 0.722 0060 0 2 65.825 10.535 46.154 28.103 0 2 95.440 24.069 56.063 59.640
2022-11-30 12:07:00 0 1 72.078 92.875 90.213 92.648 0 2 75.627 36.235 94.246 46.610 0 3 51.005 63.925 48.365 5.960 0091 0 2 65.825 10.535 46.154 28.103 0 2 95.440 24.069 56.063 59.640
2022-11-30 12:08:00 0 1 36.395 36.209 97.523 6.824 0 2 71.313 48.143 47.000 52.818 0 3 36.464 20.527 84.552 58.026 0013 0 2 65.825 10.535 46.154 28.103 0 2 95.440 24.069 56.063 59.640
2022-11-30 12:09:00 0 1 42.820 83.047 67.167 94.557 0 2 54.418 56.974 76.393 80.700 0 3 84.595 59.066 60.748 47.583 0004 0 2 65.825 10.535 46.154 28.103 0 2 95.440 24.069 56.063 59.640
2022-11-30 12:10:00 0 1 18.724 77.223 96.673 32.448 0 2 95.350 40.557 4.021 59.857 0 3 82.054 7.776 77.134 34.851 0050 0 2 9.001 17.212 8.937 92.769 0 2 67.101 93.528 34.094 92.073
2022-11-30 12:11:00 0 1 41.280 13.732 93.430 5.755 0 2 46.355 59.397 92.974 74.137 0 3 25.888 52.040 14.570 96.242 0029 0 2 9.001 17.212 8.937 92.769 0 2 67.101 93.528 34.094 92.073
2022-11-30 12:12:00 0 1 83.387 28.868 55.698 58.127 0 2 70.045 19.104 41.831 73.067 0 3 22.285 48.753 26.024 15.629 0002 0 2 9.001 17.212 8.937 92.769 0 2 67.101 93.528 34.094 92.073
2022-11-30 12:13:00 0 1 65.254 30.250 71.242 42.887 0 2 49.050 47.547 47.245 61.699 0 3 39.099 7.016 70.431 50.015 0009 0 2 9.001 17.212 8.937 92.769 0 2 67.101 93.528 34.094 92.073
2022-11-30 12:14:00 0 1 95.795 77.478 38.458 34.140 0 2 98.982 62.583 83.509 23.103 0 3 19.708 61.129 69.505 21.831 0011 0 2 9.001 17.212 8.937 92.769 0 2 67.101 93.528 34.094 92.073
2022-11-30 12:15:00 0 1 72.874 5.157 83.430 28.472 0 2 31.406 75.629 90.868 92.628 0 3 12.045 80.313 70.680 79.273 0057 0 2 9.001 17.212 8.937 92.769 0 2 67.101 93.528 34.094 92.073
2022-11-30 12:16:00 0 1 18.541 2.620 94.354 37.698 0 2 64.870 11.676 76.800 29.032 0 3 25.456 44.879 59.581 16.284 0000 0 2 9.001 17.212 8.937 92.769 0 2 67.101 93.528 34.094 92.073
2022-11-30 12:17:00 0 1 50.837 47.092 34.767 8.157 0 2 6.807 26.185 74.365 13.233 0 3 86.306 97.899 61.447 84.681 0010 0 2 9.001 17.212 8.937 92.769 0 2 67.101 93.528 34.094 92.073
2022-11-30 12:18:00 0 1 99.276 33.357 92.395 21.126 0 2 19.696 69.414 44.815 37.460 0 3 62.726 28.430 78.313 68.881 0055 0 2 9.001 17.212 8.937 92.769 0 2 67.101 93.528 34.094 92.073
2022-11-30 12:19:00 0 1 56.144 72.155 82.074 68.309 0 2 88.434 16.997 48.863 23.792 0 3 97.986 3.339 22.631 0.159 0081 0 2 9.001 17.212 8.937 92.769 0 2 67.101 93.528 34.094 92.073
2022-11-30 12:20:00 0 1 94.755 18.294 17.303 7.968 0 2 66.899 32.745 43.900 90.514 0 3 44.123 73.935 84.071 91.566 0045 0 2 83.767 85.405 21.364 27.126 0 2 88.229 94.492 16.824 99.286
2022-11-30 12:21:00 0 1 67.311 57.978 84.134 28.557 0 2 33.792 0.607 74.199 63.030 0 3 28.617 54.701 5.316 17.305 0064 0 2 83.767 85.405 21.364 27.126 0 2 88.229 94.492 16.824 99.286
